# solution IDs are scoped to this hipBLASLt version and device architecture
STRATA_HIPBLASLT_TUNING_V1 gfx1151 100401
f16 1280 2560 1280 16 2537
f16 2560 640 2560 16 2549
f16 1280 2560 1280 32 2551
f16 2560 640 2560 32 2538
f16 1280 2560 1280 64 2537
f16 2560 640 2560 64 2538
f16 1280 2560 1280 96 2539
f16 2560 640 2560 96 2539
f16 1280 2560 1280 128 2538
f16 2560 640 2560 128 2539
f16 1280 2560 1280 192 2539
f16 2560 640 2560 192 2539
f16 1280 2560 1280 256 2539
f16 2560 640 2560 256 2539
f16 1280 2560 1280 512 2539
f16 2560 640 2560 512 2539
